,A,C,D,E,F,G,H,I,K,L,M,N,P,Q,R,S,T,V,W,Y
A,0.0,-13305.933912291664,-6269.047742625003,-11122.672530041667,-25950.515114666665,-14976.953925875,-21084.553256375002,-25155.047597625005,-11954.628609624999,-25654.284640500005,-28435.897760124994,-19701.608984291666,-13656.051170666668,-20226.185890124998,-14400.819356166665,-19866.373687333336,-19077.442482083337,-22490.596013458333,-23839.214866708327,-24164.69152099999
C,13305.933912291664,0.0,7036.886169666667,2183.26138225,-12644.581202375002,-1671.0200135833331,-7778.619344083334,-11849.11368533333,1351.3053026666673,-12348.350728208332,-15129.963847833336,-6395.675072000002,-350.11725837500035,-6920.2519778333335,-1094.8854438750006,-6560.439775041667,-5771.508569791666,-9184.662101166667,-10533.280954416668,-10858.757608708334
D,6269.047742625003,-7036.886169666667,0.0,-4853.624787416667,-19681.467372041665,-8707.90618325,-14815.50551375,-18885.999855000002,-5685.580867,-19385.236897875,-22166.850017499997,-13432.561241666665,-7387.003428041666,-13957.1381475,-8131.771613541666,-13597.325944708335,-12808.394739458336,-16221.548270833338,-17570.167124083335,-17895.643778374997
E,11122.672530041667,-2183.26138225,4853.624787416667,0.0,-14827.842584625001,-3854.2813958333336,-9961.880726333333,-14032.375067583329,-831.9560795833331,-14531.612110458334,-17313.22523008333,-8578.93645425,-2533.378640625,-9103.513360083334,-3278.146826125001,-8743.701157291667,-7954.769952041668,-11367.92348341667,-12716.542336666666,-13042.018990958333
F,25950.515114666665,12644.581202375002,19681.467372041665,14827.842584625001,0.0,10973.561188791668,4865.961858291666,795.4675170416666,13995.88650504167,296.2304741666667,-2485.382645458333,6248.9061303749995,12294.463943999997,5724.329224541667,11549.695758499998,6084.141427333331,6873.072632583334,3459.9191012083334,2111.300247958334,1785.8235936666667
G,14976.953925875,1671.0200135833331,8707.90618325,3854.2813958333336,-10973.561188791668,0.0,-6107.5993305,-10178.09367175,3022.32531625,-10677.330714624999,-13458.943834249998,-4724.655058416666,1320.9027552083335,-5249.231964250001,576.134569708334,-4889.4197614583345,-4100.488556208334,-7513.6420875833355,-8862.260940833332,-9187.737595125
H,21084.553256375002,7778.619344083334,14815.50551375,9961.880726333333,-4865.961858291666,6107.5993305,0.0,-4070.49434125,9129.924646750003,-4569.731384125001,-7351.344503750001,1382.944272083333,7428.502085708333,858.3673662500013,6683.733900208333,1218.1795690416666,2007.1107742916665,-1406.0427570833335,-2754.661610333334,-3080.138264625
I,25155.047597625005,11849.11368533333,18885.999855000002,14032.375067583329,-795.4675170416666,10178.09367175,4070.49434125,0.0,13200.418988000003,-499.237042875,-3280.8501625000004,5453.438613333333,11498.99642695833,4928.8617075,10754.228241458333,5288.673910291666,6077.605115541668,2664.451584166667,1315.8327309166664,990.3560766250002
K,11954.628609624999,-1351.3053026666673,5685.580867,831.9560795833331,-13995.88650504167,-3022.32531625,-9129.924646750003,-13200.418988000003,0.0,-13699.656030875003,-16481.269150499997,-7746.980374666667,-1701.4225610416663,-8271.557280500001,-2446.1907465416684,-7911.745077708333,-7122.813872458336,-10535.96740383333,-11884.586257083332,-12210.062911375004
L,25654.284640500005,12348.350728208332,19385.236897875,14531.612110458334,-296.2304741666667,10677.330714624999,4569.731384125001,499.237042875,13699.656030875003,0.0,-2781.6131196250003,5952.675656208332,11998.233469833334,5428.098750375,11253.465284333337,5787.910953166666,6576.842158416668,3163.6886270416658,1815.069773791667,1489.5931195000005
M,28435.897760124994,15129.963847833336,22166.850017499997,17313.22523008333,2485.382645458333,13458.943834249998,7351.344503750001,3280.8501625000004,16481.269150499997,2781.6131196250003,0.0,8734.288775833333,14779.84658945833,8209.711870000001,14035.078403958336,8569.524072791666,9358.455278041667,5945.301746666665,4596.682893416666,4271.206239124999
N,19701.608984291666,6395.675072000002,13432.561241666665,8578.93645425,-6248.9061303749995,4724.655058416666,-1382.944272083333,-5453.438613333333,7746.980374666667,-5952.675656208332,-8734.288775833333,0.0,6045.5578136250015,-524.5769058333331,5300.789628125,-164.76470304166597,624.1665022083338,-2788.9870291666666,-4137.605882416666,-4463.082536708333
P,13656.051170666668,350.11725837500035,7387.003428041666,2533.378640625,-12294.463943999997,-1320.9027552083335,-7428.502085708333,-11498.99642695833,1701.4225610416663,-11998.233469833334,-14779.84658945833,-6045.5578136250015,0.0,-6570.134719458333,-744.7681855,-6210.322516666668,-5421.391311416667,-8834.544842791669,-10183.163696041665,-10508.640350333335
Q,20226.185890124998,6920.2519778333335,13957.1381475,9103.513360083334,-5724.329224541667,5249.231964250001,-858.3673662500013,-4928.8617075,8271.557280500001,-5428.098750375,-8209.711870000001,524.5769058333331,6570.134719458333,0.0,5825.366533958332,359.81220279166627,1148.7434080416676,-2264.4101233333336,-3613.0289765833345,-3938.505630875002
R,14400.819356166665,1094.8854438750006,8131.771613541666,3278.146826125001,-11549.695758499998,-576.134569708334,-6683.733900208333,-10754.228241458333,2446.1907465416684,-11253.465284333337,-14035.078403958336,-5300.789628125,744.7681855,-5825.366533958332,0.0,-5465.554331166666,-4676.623125916666,-8089.776657291666,-9438.395510541666,-9763.872164833332
S,19866.373687333336,6560.439775041667,13597.325944708335,8743.701157291667,-6084.141427333331,4889.4197614583345,-1218.1795690416666,-5288.673910291666,7911.745077708333,-5787.910953166666,-8569.524072791666,164.76470304166597,6210.322516666668,-359.81220279166627,5465.554331166666,0.0,788.93120525,-2624.222326124999,-3972.8411793749997,-4298.317833666667
T,19077.442482083337,5771.508569791666,12808.394739458336,7954.769952041668,-6873.072632583334,4100.488556208334,-2007.1107742916665,-6077.605115541668,7122.813872458336,-6576.842158416668,-9358.455278041667,-624.1665022083338,5421.391311416667,-1148.7434080416676,4676.623125916666,-788.93120525,0.0,-3413.1535313750005,-4761.772384624999,-5087.249038916667
V,22490.596013458333,9184.662101166667,16221.548270833338,11367.92348341667,-3459.9191012083334,7513.6420875833355,1406.0427570833335,-2664.451584166667,10535.96740383333,-3163.6886270416658,-5945.301746666665,2788.9870291666666,8834.544842791669,2264.4101233333336,8089.776657291666,2624.222326124999,3413.1535313750005,0.0,-1348.6188532500005,-1674.0955075416666
W,23839.214866708327,10533.280954416668,17570.167124083335,12716.542336666666,-2111.300247958334,8862.260940833332,2754.661610333334,-1315.8327309166664,11884.586257083332,-1815.069773791667,-4596.682893416666,4137.605882416666,10183.163696041665,3613.0289765833345,9438.395510541666,3972.8411793749997,4761.772384624999,1348.6188532500005,0.0,-325.47665429166653
Y,24164.69152099999,10858.757608708334,17895.643778374997,13042.018990958333,-1785.8235936666667,9187.737595125,3080.138264625,-990.3560766250002,12210.062911375004,-1489.5931195000005,-4271.206239124999,4463.082536708333,10508.640350333335,3938.505630875002,9763.872164833332,4298.317833666667,5087.249038916667,1674.0955075416666,325.47665429166653,0.0
