,A,C,D,E,F,G,H,I,K,L,M,N,P,Q,R,S,T,V,W,Y
A,0.0,14709.111240125001,26549.015674458333,16193.254640208334,13322.938971833335,3585.410466916667,19685.350617333334,1824.1563355833339,19256.90448895833,-715.9627940416664,-1277.4913589166665,16436.406162333333,10133.901414916667,-4515.010472083333,12417.546811583334,-3056.9043875416664,3786.0054580416668,1776.7467547083343,12755.223754583334,13534.461766458335
C,-14709.111240125001,0.0,11839.90443433333,1484.1434000833324,-1386.172268291667,-11123.700773208331,4976.239377208334,-12884.954904541664,4547.793248833334,-15425.074034166668,-15986.602599041667,1727.2949222083325,-4575.209825208333,-19224.121712208333,-2291.564428541667,-17766.015627666668,-10923.105782083332,-12932.364485416665,-1953.8874855416664,-1174.6494736666668
D,-26549.015674458333,-11839.90443433333,0.0,-10355.76103425,-13226.076702625003,-22963.605207541663,-6863.665057125,-24724.859338874998,-7292.111185500001,-27264.9784685,-27826.507033374994,-10112.609512124996,-16415.114259541668,-31064.02614654167,-14131.468862875001,-29605.920062,-22763.010216416664,-24772.268919749997,-13793.791919874995,-13014.553908000002
E,-16193.254640208334,-1484.1434000833324,10355.76103425,0.0,-2870.315668375,-12607.844173291667,3492.0959771249995,-14369.098304624998,3063.649848749999,-16909.21743425,-17470.745999124996,243.15152212500038,-6059.353225291666,-20708.26511229166,-3775.7078286250003,-19250.15902775,-12407.249182166668,-14416.507885499997,-3438.030885625,-2658.79287375
F,-13322.938971833335,1386.172268291667,13226.076702625003,2870.315668375,0.0,-9737.528504916669,6362.411645500001,-11498.782636249996,5933.965517125001,-14038.901765875,-14600.43033075,3113.467190500001,-3189.0375569166667,-17837.94944391667,-905.3921602500008,-16379.843359375003,-9536.933513791666,-11546.192217125003,-567.7152172500001,211.52279462499942
G,-3585.410466916667,11123.700773208331,22963.605207541663,12607.844173291667,9737.528504916669,0.0,16099.940150416669,-1761.254131333334,15671.494022041668,-4301.373260958334,-4862.9018258333335,12850.995695416668,6548.490948,-8100.420938999999,8832.136344666666,-6642.314854458334,200.59499112499938,-1808.6637122083332,9169.813287666666,9949.051299541665
H,-19685.350617333334,-4976.239377208334,6863.665057125,-3492.0959771249995,-6362.411645500001,-16099.940150416669,0.0,-17861.194281750002,-428.44612837499955,-20401.313411375002,-20962.841976249994,-3248.9444550000007,-9551.449202416667,-24200.361089416667,-7267.803805750001,-22742.255004875,-15899.345159291668,-17908.603862625005,-6930.12686275,-6150.888850874999
I,-1824.1563355833339,12884.954904541664,24724.859338874998,14369.098304624998,11498.782636249996,1761.254131333334,17861.194281750002,0.0,17432.748153375,-2540.119129625,-3101.6476945000013,14612.249826750005,8309.745079333334,-6339.166807666667,10593.390475999999,-4881.060723125001,1961.849122458333,-47.4095808750003,10931.067418999997,11710.305430875
K,-19256.90448895833,-4547.793248833334,7292.111185500001,-3063.649848749999,-5933.965517125001,-15671.494022041668,428.44612837499955,-17432.748153375,0.0,-19972.867283,-20534.395847875,-2820.4983266250024,-9123.003074041668,-23771.914961041668,-6839.357677375002,-22313.8088765,-15470.89903091667,-17480.157734250002,-6501.680734375001,-5722.442722500001
L,715.9627940416664,15425.074034166668,27264.9784685,16909.21743425,14038.901765875,4301.373260958334,20401.313411375002,2540.119129625,19972.867283,0.0,-561.5285648749996,17152.368956374998,10849.864208958335,-3799.0476780416666,13133.509605625006,-2340.9415935000006,4501.968252083333,2492.7095487499996,13471.186548625,14250.424560500003
M,1277.4913589166665,15986.602599041667,27826.507033374994,17470.745999124996,14600.43033075,4862.9018258333335,20962.841976249994,3101.6476945000013,20534.395847875,561.5285648749996,0.0,17713.897521250005,11411.392773833335,-3237.5191131666675,13695.038170499998,-1779.413028625,5063.4968169583335,3054.2381136250006,14032.715113500002,14811.953125374997
N,-16436.406162333333,-1727.2949222083325,10112.609512124996,-243.15152212500038,-3113.467190500001,-12850.995695416668,3248.9444550000007,-14612.249826750005,2820.4983266250024,-17152.368956374998,-17713.897521250005,0.0,-6302.504747416667,-20951.41663441667,-4018.8593507500013,-19493.310549875,-12650.400704291666,-14659.659407625002,-3681.18240775,-2901.9443958750016
P,-10133.901414916667,4575.209825208333,16415.114259541668,6059.353225291666,3189.0375569166667,-6548.490948,9551.449202416667,-8309.745079333334,9123.003074041668,-10849.864208958335,-11411.392773833335,6302.504747416667,0.0,-14648.911887,2283.6453966666663,-13190.805802458335,-6347.895956875001,-8357.154660208333,2621.3223396666663,3400.5603515416674
Q,4515.010472083333,19224.121712208333,31064.02614654167,20708.26511229166,17837.94944391667,8100.420938999999,24200.361089416667,6339.166807666667,23771.914961041668,3799.0476780416666,3237.5191131666675,20951.41663441667,14648.911887,0.0,16932.557283666665,1458.1060845416669,8301.015930125,6291.757226791667,17270.234226666667,18049.472238541668
R,-12417.546811583334,2291.564428541667,14131.468862875001,3775.7078286250003,905.3921602500008,-8832.136344666666,7267.803805750001,-10593.390475999999,6839.357677375002,-13133.509605625006,-13695.038170499998,4018.8593507500013,-2283.6453966666663,-16932.557283666665,0.0,-15474.451199124998,-8631.541353541672,-10640.800056875001,337.6769429999992,1116.9149548750008
S,3056.9043875416664,17766.015627666668,29605.920062,19250.15902775,16379.843359375003,6642.314854458334,22742.255004875,4881.060723125001,22313.8088765,2340.9415935000006,1779.413028625,19493.310549875,13190.805802458335,-1458.1060845416669,15474.451199124998,0.0,6842.909845583333,4833.65114225,15812.128142125002,16591.366154
T,-3786.0054580416668,10923.105782083332,22763.010216416664,12407.249182166668,9536.933513791666,-200.59499112499938,15899.345159291668,-1961.849122458333,15470.89903091667,-4501.968252083333,-5063.4968169583335,12650.400704291666,6347.895956875001,-8301.015930125,8631.541353541672,-6842.909845583333,0.0,-2009.2587033333332,8969.21829654167,9748.456308416668
V,-1776.7467547083343,12932.364485416665,24772.268919749997,14416.507885499997,11546.192217125003,1808.6637122083332,17908.603862625005,47.4095808750003,17480.157734250002,-2492.7095487499996,-3054.2381136250006,14659.659407625002,8357.154660208333,-6291.757226791667,10640.800056875001,-4833.65114225,2009.2587033333332,0.0,10978.476999874998,11757.715011750004
W,-12755.223754583334,1953.8874855416664,13793.791919874995,3438.030885625,567.7152172500001,-9169.813287666666,6930.12686275,-10931.067418999997,6501.680734375001,-13471.186548625,-14032.715113500002,3681.18240775,-2621.3223396666663,-17270.234226666667,-337.6769429999992,-15812.128142125002,-8969.21829654167,-10978.476999874998,0.0,779.2380118749996
Y,-13534.461766458335,1174.6494736666668,13014.553908000002,2658.79287375,-211.52279462499942,-9949.051299541665,6150.888850874999,-11710.305430875,5722.442722500001,-14250.424560500003,-14811.953125374997,2901.9443958750016,-3400.5603515416674,-18049.472238541668,-1116.9149548750008,-16591.366154,-9748.456308416668,-11757.715011750004,-779.2380118749996,0.0
