,A,C,D,E,F,G,H,I,K,L,M,N,P,Q,R,S,T,V,W,Y
A,0.0,4211.447057583333,12176.513585166666,2041.435802833333,1178.0412983750002,5147.324694125001,7634.043697541667,2498.9589405416664,7287.009742708336,-109.96450245833353,1756.0313784583332,11068.113695958333,816.0163641666664,1715.0316397916667,2738.524385291665,1328.408753833333,-116.76343199999998,788.4586313333333,8099.434873041664,2502.0748552916675
C,-4211.447057583333,0.0,7965.0665275833335,-2170.01125475,-3033.4057592083336,935.8776365416667,3422.5966399583326,-1712.4881170416668,3075.5626851250004,-4321.411560041667,-2455.415679125,6856.666638375001,-3395.4306934166666,-2496.4154177916666,-1472.9226722916665,-2883.03830375,-4328.210489583333,-3422.98842625,3887.9878154583334,-1709.3722022916666
D,-12176.513585166666,-7965.0665275833335,0.0,-10135.077782333334,-10998.472286791666,-7029.1888910416665,-4542.4698876249995,-9677.554644625,-4889.503842458334,-12286.478087625,-10420.482206708333,-1108.3998892083332,-11360.497220999998,-10461.481945375,-9437.989199875,-10848.104831333332,-12293.277017166665,-11388.054953833334,-4077.0787121249996,-9674.438729875
E,-2041.435802833333,2170.01125475,10135.077782333334,0.0,-863.3945044583334,3105.888891291667,5592.607894708334,457.5231377083331,5245.573939874998,-2151.4003052916664,-285.40442437500013,9026.677893125,-1225.4194386666668,-326.4041630416667,697.0885824583335,-713.0270490000003,-2158.1992348333333,-1252.9771715,6057.999070208333,460.63905245833365
F,-1178.0412983750002,3033.4057592083336,10998.472286791666,863.3945044583334,0.0,3969.28339575,6456.002399166668,1320.9176421666664,6108.968444333333,-1288.0058008333335,577.990080083333,9890.072397583333,-362.0249342083334,536.9903414166665,1560.4830869166672,150.36745545833304,-1294.804730375,-389.58266704166675,6921.3935746666675,1324.0335569166666
G,-5147.324694125001,-935.8776365416667,7029.1888910416665,-3105.888891291667,-3969.28339575,0.0,2486.7190034166665,-2648.3657535833336,2139.6850485833324,-5257.289196583332,-3391.2933156666663,5920.789001833334,-4331.308329958333,-3432.2930543333337,-2408.8003088333335,-3818.9159402916666,-5264.088126125001,-4358.866062791667,2952.1101789166664,-2645.2498388333333
H,-7634.043697541667,-3422.5966399583326,4542.4698876249995,-5592.607894708334,-6456.002399166668,-2486.7190034166665,0.0,-5135.0847570000005,-347.0339548333338,-7744.008200000001,-5878.012319083336,3434.0699984166663,-6818.027333375,-5919.012057750001,-4895.519312250001,-6305.634943708333,-7750.807129541667,-6845.585066208335,465.39117549999975,-5131.96884225
I,-2498.9589405416664,1712.4881170416668,9677.554644625,-457.5231377083331,-1320.9176421666664,2648.3657535833336,5135.0847570000005,0.0,4788.050802166668,-2608.9234429999997,-742.9275620833332,8569.154755416666,-1682.9425763749996,-783.9273007500001,239.5654447500001,-1170.5501867083333,-2615.722372541666,-1710.5003092083334,5600.475932500001,3.115914750000153
K,-7287.009742708336,-3075.5626851250004,4889.503842458334,-5245.573939874998,-6108.968444333333,-2139.6850485833324,347.0339548333338,-4788.050802166668,0.0,-7396.974245166668,-5530.97836425,3781.10395325,-6470.993378541666,-5571.978102916666,-4548.485357416666,-5958.600988874999,-7403.7731747083335,-6498.551111374999,812.4251303333336,-4784.934887416667
L,109.96450245833353,4321.411560041667,12286.478087625,2151.4003052916664,1288.0058008333335,5257.289196583332,7744.008200000001,2608.9234429999997,7396.974245166668,0.0,1865.9958809166665,11178.078198416668,925.980866625,1824.9961422500003,2848.48888775,1438.3732562916666,-6.798929541666458,898.4231337916668,8209.399375500001,2612.0393577500004
M,-1756.0313784583332,2455.415679125,10420.482206708333,285.40442437500013,-577.990080083333,3391.2933156666663,5878.012319083336,742.9275620833332,5530.97836425,-1865.9958809166665,0.0,9312.0823175,-940.0150142916664,-40.99973866666653,982.4930068333334,-427.622624625,-1872.7948104583331,-967.5727471249999,6343.403494583335,746.0434768333334
N,-11068.113695958333,-6856.666638375001,1108.3998892083332,-9026.677893125,-9890.072397583333,-5920.789001833334,-3434.0699984166663,-8569.154755416666,-3781.10395325,-11178.078198416668,-9312.0823175,0.0,-10252.097331791667,-9353.082056166668,-8329.589310666668,-9739.704942125,-11184.877127958336,-10279.655064624998,-2968.678822916667,-8566.038840666666
P,-816.0163641666664,3395.4306934166666,11360.497220999998,1225.4194386666668,362.0249342083334,4331.308329958333,6818.027333375,1682.9425763749996,6470.993378541666,-925.980866625,940.0150142916664,10252.097331791667,0.0,899.015275625,1922.5080211250004,512.3923896666664,-932.7797961666669,-27.557732833333205,7283.418508875001,1686.0584911249996
Q,-1715.0316397916667,2496.4154177916666,10461.481945375,326.4041630416667,-536.9903414166665,3432.2930543333337,5919.012057750001,783.9273007500001,5571.978102916666,-1824.9961422500003,40.99973866666653,9353.082056166668,-899.015275625,0.0,1023.4927455000003,-386.62288595833326,-1831.7950717916665,-926.5730084583334,6384.40323325,787.0432155000003
R,-2738.524385291665,1472.9226722916665,9437.989199875,-697.0885824583335,-1560.4830869166672,2408.8003088333335,4895.519312250001,-239.5654447500001,4548.485357416666,-2848.48888775,-982.4930068333334,8329.589310666668,-1922.5080211250004,-1023.4927455000003,0.0,-1410.1156314583334,-2855.2878172916667,-1950.0657539583333,5360.91048775,-236.44952999999967
S,-1328.408753833333,2883.03830375,10848.104831333332,713.0270490000003,-150.36745545833304,3818.9159402916666,6305.634943708333,1170.5501867083333,5958.600988874999,-1438.3732562916666,427.622624625,9739.704942125,-512.3923896666664,386.62288595833326,1410.1156314583334,0.0,-1445.172185833333,-539.9501224999998,6771.0261192083335,1173.6661014583333
T,116.76343199999998,4328.210489583333,12293.277017166665,2158.1992348333333,1294.804730375,5264.088126125001,7750.807129541667,2615.722372541666,7403.7731747083335,6.798929541666458,1872.7948104583331,11184.877127958336,932.7797961666669,1831.7950717916665,2855.2878172916667,1445.172185833333,0.0,905.2220633333333,8216.198305041666,2618.838287291667
V,-788.4586313333333,3422.98842625,11388.054953833334,1252.9771715,389.58266704166675,4358.866062791667,6845.585066208335,1710.5003092083334,6498.551111374999,-898.4231337916668,967.5727471249999,10279.655064624998,27.557732833333205,926.5730084583334,1950.0657539583333,539.9501224999998,-905.2220633333333,0.0,7310.976241708333,1713.6162239583336
W,-8099.434873041664,-3887.9878154583334,4077.0787121249996,-6057.999070208333,-6921.3935746666675,-2952.1101789166664,-465.39117549999975,-5600.475932500001,-812.4251303333336,-8209.399375500001,-6343.403494583335,2968.678822916667,-7283.418508875001,-6384.40323325,-5360.91048775,-6771.0261192083335,-8216.198305041666,-7310.976241708333,0.0,-5597.36001775
Y,-2502.0748552916675,1709.3722022916666,9674.438729875,-460.63905245833365,-1324.0335569166666,2645.2498388333333,5131.96884225,-3.115914750000153,4784.934887416667,-2612.0393577500004,-746.0434768333334,8566.038840666666,-1686.0584911249996,-787.0432155000003,236.44952999999967,-1173.6661014583333,-2618.838287291667,-1713.6162239583336,5597.36001775,0.0
