,A,C,D,E,F,G,H,I,K,L,M,N,P,Q,R,S,T,V,W,Y
A,0.0,-1437.9235936666664,5700.589250791668,-3723.6838770416666,-2724.0603554583327,1461.9873494583335,0.6935478749993914,508.7983237916672,12297.847245374998,-178.9465493750001,2467.4196701250003,-1122.6678678749997,-3140.077254833335,-3898.7720732916673,2617.672896833333,-1689.1716131250002,-2319.43886375,-3029.1207012500004,1284.6809456250007,-3537.2044564583352
C,1437.9235936666664,0.0,7138.512844458334,-2285.7602833749997,-1286.136761791667,2899.9109431250004,1438.6171415416668,1946.721917458334,13735.770839041668,1258.9770442916667,3905.3432637916667,315.2557257916672,-1702.153661166667,-2460.848479625,4055.5964905,-251.2480194583336,-881.5152700833332,-1591.1971075833335,2722.604539291667,-2099.280862791666
D,-5700.589250791668,-7138.512844458334,0.0,-9424.273127833334,-8424.64960625,-4238.6019013333325,-5699.895702916667,-5191.790926999999,6597.257994583335,-5879.5358001666655,-3233.169580666666,-6823.257118666667,-8840.666505625,-9599.361324083333,-3082.9163539583346,-7389.760863916667,-8020.028114541666,-8729.709952041665,-4415.908305166668,-9237.793707249999
E,3723.6838770416666,2285.7602833749997,9424.273127833334,0.0,999.623521583333,5185.6712265000015,3724.377424916666,4232.482200833333,16021.531122416665,3544.7373276666676,6191.103547166666,2601.016009166667,583.6066222083334,-175.08819625000015,6341.356773875,2034.5122639166666,1404.2450132916667,694.5631757916666,5008.364822666666,186.47942058333328
F,2724.0603554583327,1286.136761791667,8424.64960625,-999.623521583333,0.0,4186.047704916667,2724.753903333334,3232.8586792499996,15021.907600833334,2545.113806083334,5191.480025583333,1601.3924875833338,-416.0168993749996,-1174.7117178333338,5341.733252291667,1034.8887423333333,404.6214917083336,-305.0603457916665,4008.7413010833334,-813.1441009999999
G,-1461.9873494583335,-2899.9109431250004,4238.6019013333325,-5185.6712265000015,-4186.047704916667,0.0,-1461.2938015833336,-953.1890256666669,10835.859895916667,-1640.9338988333336,1005.4323206666671,-2584.6552173333334,-4602.064604291666,-5360.759422750002,1155.6855473749995,-3151.1589625833344,-3781.4262132083336,-4491.108050708333,-177.3064038333338,-4999.191805916667
H,-0.6935478749993914,-1438.6171415416668,5699.895702916667,-3724.377424916666,-2724.753903333334,1461.2938015833336,0.0,508.10477591666705,12297.1536975,-179.64009724999974,2466.72612225,-1123.3614157499994,-3140.770802708332,-3899.465621166666,2616.979348958333,-1689.8651610000004,-2320.1324116250003,-3029.814249125,1283.9873977500001,-3537.8980043333336
I,-508.7983237916672,-1946.721917458334,5191.790926999999,-4232.482200833333,-3232.8586792499996,953.1890256666669,-508.10477591666705,0.0,11789.048921583331,-687.7448731666664,1958.6213463333336,-1631.4661916666664,-3648.8755786250003,-4407.570397083334,2108.8745730416663,-2197.969936916667,-2828.2371875416666,-3537.9190250416673,775.8826218333332,-4046.002780250001
K,-12297.847245374998,-13735.770839041668,-6597.257994583335,-16021.531122416665,-15021.907600833334,-10835.859895916667,-12297.1536975,-11789.048921583331,0.0,-12476.793794749998,-9830.427575250002,-13420.515113250001,-15437.924500208332,-16196.619318666666,-9680.174348541668,-13987.018858500005,-14617.286109124996,-15326.967946625002,-11013.16629975,-15835.051701833328
L,178.9465493750001,-1258.9770442916667,5879.5358001666655,-3544.7373276666676,-2545.113806083334,1640.9338988333336,179.64009724999974,687.7448731666664,12476.793794749998,0.0,2646.366219500001,-943.7213185000019,-2961.1307054583344,-3719.825523916667,2796.619446208333,-1510.2250637500001,-2140.4923143749998,-2850.1741518750005,1463.6274950000006,-3358.2579070833326
M,-2467.4196701250003,-3905.3432637916667,3233.169580666666,-6191.103547166666,-5191.480025583333,-1005.4323206666671,-2466.72612225,-1958.6213463333336,9830.427575250002,-2646.366219500001,0.0,-3590.0875379999998,-5607.496924958333,-6366.191743416667,150.25322670833307,-4156.59128325,-4786.858533874999,-5496.540371375001,-1182.7387245,-6004.624126583333
N,1122.6678678749997,-315.2557257916672,6823.257118666667,-2601.016009166667,-1601.3924875833338,2584.6552173333334,1123.3614157499994,1631.4661916666664,13420.515113250001,943.7213185000019,3590.0875379999998,0.0,-2017.4093869583332,-2776.104205416667,3740.3407647083345,-566.5037452500006,-1196.7709958750002,-1906.4528333750004,2407.3488135000002,-2414.5365885833335
P,3140.077254833335,1702.153661166667,8840.666505625,-583.6066222083334,416.0168993749996,4602.064604291666,3140.770802708332,3648.8755786250003,15437.924500208332,2961.1307054583344,5607.496924958333,2017.4093869583332,0.0,-758.6948184583338,5757.750151666667,1450.905641708333,820.6383910833333,110.95655358333308,4424.758200458334,-397.1272016250005
Q,3898.7720732916673,2460.848479625,9599.361324083333,175.08819625000015,1174.7117178333338,5360.759422750002,3899.465621166666,4407.570397083334,16196.619318666666,3719.825523916667,6366.191743416667,2776.104205416667,758.6948184583338,0.0,6516.4449701250005,2209.6004601666664,1579.333209541667,869.6513720416666,5183.453018916667,361.5676168333335
R,-2617.672896833333,-4055.5964905,3082.9163539583346,-6341.356773875,-5341.733252291667,-1155.6855473749995,-2616.979348958333,-2108.8745730416663,9680.174348541668,-2796.619446208333,-150.25322670833307,-3740.3407647083345,-5757.750151666667,-6516.4449701250005,0.0,-4306.844509958333,-4937.111760583333,-5646.793598083333,-1332.9919512083334,-6154.877353291667
S,1689.1716131250002,251.2480194583336,7389.760863916667,-2034.5122639166666,-1034.8887423333333,3151.1589625833344,1689.8651610000004,2197.969936916667,13987.018858500005,1510.2250637500001,4156.59128325,566.5037452500006,-1450.905641708333,-2209.6004601666664,4306.844509958333,0.0,-630.2672506249997,-1339.949088125,2973.8525587500003,-1848.0328433333334
T,2319.43886375,881.5152700833332,8020.028114541666,-1404.2450132916667,-404.6214917083336,3781.4262132083336,2320.1324116250003,2828.2371875416666,14617.286109124996,2140.4923143749998,4786.858533874999,1196.7709958750002,-820.6383910833333,-1579.333209541667,4937.111760583333,630.2672506249997,0.0,-709.6818375000001,3604.1198093749995,-1217.765592708334
V,3029.1207012500004,1591.1971075833335,8729.709952041665,-694.5631757916666,305.0603457916665,4491.108050708333,3029.814249125,3537.9190250416673,15326.967946625002,2850.1741518750005,5496.540371375001,1906.4528333750004,-110.95655358333308,-869.6513720416666,5646.793598083333,1339.949088125,709.6818375000001,0.0,4313.801646875,-508.0837552083333
W,-1284.6809456250007,-2722.604539291667,4415.908305166668,-5008.364822666666,-4008.7413010833334,177.3064038333338,-1283.9873977500001,-775.8826218333332,11013.16629975,-1463.6274950000006,1182.7387245,-2407.3488135000002,-4424.758200458334,-5183.453018916667,1332.9919512083334,-2973.8525587500003,-3604.1198093749995,-4313.801646875,0.0,-4821.885402083334
Y,3537.2044564583352,2099.280862791666,9237.793707249999,-186.47942058333328,813.1441009999999,4999.191805916667,3537.8980043333336,4046.002780250001,15835.051701833328,3358.2579070833326,6004.624126583333,2414.5365885833335,397.1272016250005,-361.5676168333335,6154.877353291667,1848.0328433333334,1217.765592708334,508.0837552083333,4821.885402083334,0.0
