,A,C,D,E,F,G,H,I,K,L,M,N,P,Q,R,S,T,V,W,Y
A,0.0,-1078.5302010416665,7617.880766166665,1979.0834799583342,-3859.0913878750002,1540.5954244999994,-1664.392272125,-55.3374828749999,313.6140126250002,-1623.1238224166664,-1288.8615117916663,-57.855497374999686,5139.701298249999,2107.8376983333337,794.7842664583336,999.6289839583342,-2032.9204315416664,-269.9419607916664,-1157.5857810833334,2619.503695916667
C,1078.5302010416665,0.0,8696.41096720833,3057.6136809999994,-2780.5611868333326,2619.1256255416665,-585.8620710833334,1023.1927181666669,1392.1442136666665,-544.5936213749998,-210.33131075000003,1020.6747036666667,6218.231499291666,3186.367899375,1873.3144675000003,2078.159185,-954.3902305000001,808.5882402500001,-79.055580041667,3698.033896958333
D,-7617.880766166665,-8696.41096720833,0.0,-5638.797286208333,-11476.97215404167,-6077.285341666667,-9282.273038291667,-7673.218249041666,-7304.266753541666,-9241.004588583335,-8906.742277958332,-7675.7362635416675,-2478.1794679166665,-5510.043067833333,-6823.096499708332,-6618.251782208333,-9650.801197708335,-7887.822726958333,-8775.46654725,-4998.37707025
E,-1979.0834799583342,-3057.6136809999994,5638.797286208333,0.0,-5838.174867833332,-438.4880554583331,-3643.4757520833336,-2034.4209628333326,-1665.4694673333336,-3602.2073023750004,-3267.9449917500006,-2036.9389773333332,3160.617818291667,128.7542183750003,-1184.2992135,-979.454496,-4012.0039115,-2249.0254407499997,-3136.6692610416662,640.4202159583333
F,3859.0913878750002,2780.5611868333326,11476.97215404167,5838.174867833332,0.0,5399.686812374999,2194.69911575,3803.7539049999996,4172.7054005,2235.967565458334,2570.229876083334,3801.2358905000015,8998.792686125,5966.9290862083335,4653.875654333334,4858.720371833333,1826.1709563333334,3589.149427083333,2701.5056067916657,6478.595083791665
G,-1540.5954244999994,-2619.1256255416665,6077.285341666667,438.4880554583331,-5399.686812374999,0.0,-3204.987696625,-1595.9329073749998,-1226.9814118749998,-3163.719246916666,-2829.4569362916664,-1598.450921875,3599.1058737500002,567.2422738333338,-745.8111580416663,-540.9664405416664,-3573.515856041666,-1810.5373852916662,-2698.1812055833334,1078.9082714166668
H,1664.392272125,585.8620710833334,9282.273038291667,3643.4757520833336,-2194.69911575,3204.987696625,0.0,1609.0547892499999,1978.00628475,41.26844970833349,375.5307603333333,1606.5367747500004,6804.093570375,3772.2299704583343,2459.1765385833337,2664.021256083334,-368.5281594166667,1394.4503113333333,506.8064910416665,4283.8959680416665
I,55.3374828749999,-1023.1927181666669,7673.218249041666,2034.4209628333326,-3803.7539049999996,1595.9329073749998,-1609.0547892499999,0.0,368.9514954999999,-1567.786339541667,-1233.5240289166666,-2.518014500000239,5195.038781125,2163.175181208333,850.1217493333335,1054.9664668333332,-1977.5829486666669,-214.6044779166667,-1102.248298208334,2674.8411787916666
K,-313.6140126250002,-1392.1442136666665,7304.266753541666,1665.4694673333336,-4172.7054005,1226.9814118749998,-1978.00628475,-368.9514954999999,0.0,-1936.7378350416664,-1602.475524416667,-371.46951000000007,4826.087285625,1794.2236857083335,481.1702538333334,686.014971333334,-2346.5344441666666,-583.5559734166663,-1471.1997937083336,2305.8896832916666
L,1623.1238224166664,544.5936213749998,9241.004588583335,3602.2073023750004,-2235.967565458334,3163.719246916666,-41.26844970833349,1567.786339541667,1936.7378350416664,0.0,334.262310625,1565.2683250416665,6762.825120666667,3730.9615207500005,2417.9080888750004,2622.752806374999,-409.79660912500026,1353.1818616249998,465.53804133333296,4242.627518333333
M,1288.8615117916663,210.33131075000003,8906.742277958332,3267.9449917500006,-2570.229876083334,2829.4569362916664,-375.5307603333333,1233.5240289166666,1602.475524416667,-334.262310625,0.0,1231.006014416667,6428.562810041666,3396.699210125,2083.64577825,2288.4904957500007,-744.05891975,1018.919551,131.2757307083327,3908.365207708333
N,57.855497374999686,-1020.6747036666667,7675.7362635416675,2036.9389773333332,-3801.2358905000015,1598.450921875,-1606.5367747500004,2.518014500000239,371.46951000000007,-1565.2683250416665,-1231.006014416667,0.0,5197.556795625001,2165.6931957083334,852.6397638333334,1057.4844813333332,-1975.0649341666674,-212.08646341666613,-1099.7302837083337,2677.3591932916665
P,-5139.701298249999,-6218.231499291666,2478.1794679166665,-3160.617818291667,-8998.792686125,-3599.1058737500002,-6804.093570375,-5195.038781125,-4826.087285625,-6762.825120666667,-6428.562810041666,-5197.556795625001,0.0,-3031.863599916667,-4344.917031791666,-4140.072314291667,-7172.621729791666,-5409.643259041667,-6297.287079333334,-2520.197602333334
Q,-2107.8376983333337,-3186.367899375,5510.043067833333,-128.7542183750003,-5966.9290862083335,-567.2422738333338,-3772.2299704583343,-2163.175181208333,-1794.2236857083335,-3730.9615207500005,-3396.699210125,-2165.6931957083334,3031.863599916667,0.0,-1313.0534318749997,-1108.208714375,-4140.758129875,-2377.779659125,-3265.4234794166673,511.6659975833327
R,-794.7842664583336,-1873.3144675000003,6823.096499708332,1184.2992135,-4653.875654333334,745.8111580416663,-2459.1765385833337,-850.1217493333335,-481.1702538333334,-2417.9080888750004,-2083.64577825,-852.6397638333334,4344.917031791666,1313.0534318749997,0.0,204.84471749999975,-2827.704698000001,-1064.7262272499997,-1952.3700475416672,1824.7194294583333
S,-999.6289839583342,-2078.159185,6618.251782208333,979.454496,-4858.720371833333,540.9664405416664,-2664.021256083334,-1054.9664668333332,-686.014971333334,-2622.752806374999,-2288.4904957500007,-1057.4844813333332,4140.072314291667,1108.208714375,-204.84471749999975,0.0,-3032.5494155,-1269.5709447499996,-2157.214765041667,1619.8747119583322
T,2032.9204315416664,954.3902305000001,9650.801197708335,4012.0039115,-1826.1709563333334,3573.515856041666,368.5281594166667,1977.5829486666669,2346.5344441666666,409.79660912500026,744.05891975,1975.0649341666674,7172.621729791666,4140.758129875,2827.704698000001,3032.5494155,0.0,1762.9784707500003,875.3346504583333,4652.424127458333
V,269.9419607916664,-808.5882402500001,7887.822726958333,2249.0254407499997,-3589.149427083333,1810.5373852916662,-1394.4503113333333,214.6044779166667,583.5559734166663,-1353.1818616249998,-1018.919551,212.08646341666613,5409.643259041667,2377.779659125,1064.7262272499997,1269.5709447499996,-1762.9784707500003,0.0,-887.643820291667,2889.445656708333
W,1157.5857810833334,79.055580041667,8775.46654725,3136.6692610416662,-2701.5056067916657,2698.1812055833334,-506.8064910416665,1102.248298208334,1471.1997937083336,-465.53804133333296,-131.2757307083327,1099.7302837083337,6297.287079333334,3265.4234794166673,1952.3700475416672,2157.214765041667,-875.3346504583333,887.643820291667,0.0,3777.089477
Y,-2619.503695916667,-3698.033896958333,4998.37707025,-640.4202159583333,-6478.595083791665,-1078.9082714166668,-4283.8959680416665,-2674.8411787916666,-2305.8896832916666,-4242.627518333333,-3908.365207708333,-2677.3591932916665,2520.197602333334,-511.6659975833327,-1824.7194294583333,-1619.8747119583322,-4652.424127458333,-2889.445656708333,-3777.089477,0.0
