,A,C,D,E,F,G,H,I,K,L,M,N,P,Q,R,S,T,V,W,Y
A,0.0,-2719.322287708333,16189.621517208332,6518.818882458333,-4633.687327666666,3467.3382752083344,-3720.614601208333,-4426.847012291668,376.2811040833338,-4204.601266375,-7955.387201708333,-1104.5781002916663,26872.77109541667,7084.848087916666,-1368.739598,-3974.729028791667,318.21560550000044,-746.9048845833337,-1579.1792936666673,-7269.056247583332
C,2719.322287708333,0.0,18908.943804916667,9238.141170166668,-1914.365039958333,6186.660562916665,-1001.2923135000004,-1707.5247245833332,3095.6033917916666,-1485.2789786666665,-5236.064914,1614.7441874166664,29592.093383125,9804.170375625,1350.5826897083334,-1255.4067410833331,3037.5378932083345,1972.4174031249997,1140.1429940416663,-4549.733959875001
D,-16189.621517208332,-18908.943804916667,0.0,-9670.80263475,-20823.308844875002,-12722.283242,-19910.236118416666,-20616.468529499998,-15813.340413124999,-20394.222783583333,-24145.008718916662,-17294.199617500002,10683.149578208335,-9104.773429291667,-17558.361115208336,-20164.350546000005,-15871.405911708332,-16936.526401791667,-17768.800810875004,-23458.677764791664
E,-6518.818882458333,-9238.141170166668,9670.80263475,0.0,-11152.506210125,-3051.480607250001,-10239.433483666666,-10945.665894750002,-6142.537778375,-10723.420148833333,-14474.206084166666,-7623.3969827500005,20353.952212958335,566.0292054583324,-7887.558480458333,-10493.54791125,-6200.6032769583335,-7265.723767041666,-8097.998176125001,-13787.875130041664
F,4633.687327666666,1914.365039958333,20823.308844875002,11152.506210125,0.0,8101.025602875,913.0727264583317,206.84031537499956,5009.96843175,429.0860612916663,-3321.699874041667,3529.109227375,31506.45842308334,11718.535415583334,3264.9477296666664,658.9582988749993,4951.902933166667,3886.7824430833334,3054.508033999999,-2635.3689199166665
G,-3467.3382752083344,-6186.660562916665,12722.283242,3051.480607250001,-8101.025602875,0.0,-7187.952876416667,-7894.1852874999995,-3091.057171125,-7671.939541583335,-11422.725476916667,-4571.916375500001,23405.432820208338,3617.509812708333,-4836.077873208334,-7442.067304,-3149.122669708333,-4214.243159791668,-5046.517568875,-10736.394522791668
H,3720.614601208333,1001.2923135000004,19910.236118416666,10239.433483666666,-913.0727264583317,7187.952876416667,0.0,-706.2324110833332,4096.895705291667,-483.986665166668,-4234.772600500001,2616.0365009166667,30593.385696625,10805.462689125,2351.875003208333,-254.11442758333314,4038.8302067083337,2973.7097166250005,2141.4353075416666,-3548.4416463750003
I,4426.847012291668,1707.5247245833332,20616.468529499998,10945.665894750002,-206.84031537499956,7894.1852874999995,706.2324110833332,0.0,4803.128116375,222.245745916667,-3528.5401894166666,3322.268912000001,31299.618107708335,11511.695100208331,3058.1074142916677,452.1179835000001,4745.062617791667,3679.9421277083343,2847.6677186249995,-2842.209235291666
K,-376.2811040833338,-3095.6033917916666,15813.340413124999,6142.537778375,-5009.96843175,3091.057171125,-4096.895705291667,-4803.128116375,0.0,-4580.882370458333,-8331.668305791665,-1480.8592043750002,26496.489991333336,6708.566983833334,-1745.0207020833332,-4351.010132875,-58.06549858333418,-1123.1859886666673,-1955.460397750001,-7645.337351666665
L,4204.601266375,1485.2789786666665,20394.222783583333,10723.420148833333,-429.0860612916663,7671.939541583335,483.986665166668,-222.245745916667,4580.882370458333,0.0,-3750.7859353333333,3100.023166083333,31077.37236179166,11289.449354291668,2835.861668375,229.8722375833335,4522.816871875,3457.6963817916658,2625.421972708333,-3064.4549812083333
M,7955.387201708333,5236.064914,24145.008718916662,14474.206084166666,3321.699874041667,11422.725476916667,4234.772600500001,3528.5401894166666,8331.668305791665,3750.7859353333333,0.0,6850.809101416667,34828.158297124995,15040.235289625,6586.647603708333,3980.6581729166664,8273.602807208334,7208.482317125,6376.207908041666,686.330954125
N,1104.5781002916663,-1614.7441874166664,17294.199617500002,7623.3969827500005,-3529.109227375,4571.916375500001,-2616.0365009166667,-3322.268912000001,1480.8592043750002,-3100.023166083333,-6850.809101416667,0.0,27977.349195708335,8189.426188208334,-264.16149770833323,-2870.1509285000006,1422.7937057916668,357.6732157083334,-474.60119337500015,-6164.478147291667
P,-26872.77109541667,-29592.093383125,-10683.149578208335,-20353.952212958335,-31506.45842308334,-23405.432820208338,-30593.385696625,-31299.618107708335,-26496.489991333336,-31077.37236179166,-34828.158297124995,-27977.349195708335,0.0,-19787.923007499998,-28241.51069341667,-30847.500124208338,-26554.55548991667,-27619.67598000001,-28451.950389083333,-34141.827343000004
Q,-7084.848087916666,-9804.170375625,9104.773429291667,-566.0292054583324,-11718.535415583334,-3617.509812708333,-10805.462689125,-11511.695100208331,-6708.566983833334,-11289.449354291668,-15040.235289625,-8189.426188208334,19787.923007499998,0.0,-8453.587685916667,-11059.577116708335,-6766.632482416666,-7831.752972499999,-8664.027381583333,-14353.904335499998
R,1368.739598,-1350.5826897083334,17558.361115208336,7887.558480458333,-3264.9477296666664,4836.077873208334,-2351.875003208333,-3058.1074142916677,1745.0207020833332,-2835.861668375,-6586.647603708333,264.16149770833323,28241.51069341667,8453.587685916667,0.0,-2605.9894307916675,1686.9552035000004,621.8347134166662,-210.439695666667,-5900.316649583335
S,3974.729028791667,1255.4067410833331,20164.350546000005,10493.54791125,-658.9582988749993,7442.067304,254.11442758333314,-452.1179835000001,4351.010132875,-229.8722375833335,-3980.6581729166664,2870.1509285000006,30847.500124208338,11059.577116708335,2605.9894307916675,0.0,4292.944634291667,3227.824144208333,2395.549735125,-3294.3272187916664
T,-318.21560550000044,-3037.5378932083345,15871.405911708332,6200.6032769583335,-4951.902933166667,3149.122669708333,-4038.8302067083337,-4745.062617791667,58.06549858333418,-4522.816871875,-8273.602807208334,-1422.7937057916668,26554.55548991667,6766.632482416666,-1686.9552035000004,-4292.944634291667,0.0,-1065.1204900833336,-1897.3948991666668,-7587.271853083334
V,746.9048845833337,-1972.4174031249997,16936.526401791667,7265.723767041666,-3886.7824430833334,4214.243159791668,-2973.7097166250005,-3679.9421277083343,1123.1859886666673,-3457.6963817916658,-7208.482317125,-357.6732157083334,27619.67598000001,7831.752972499999,-621.8347134166662,-3227.824144208333,1065.1204900833336,0.0,-832.2744090833336,-6522.151363
W,1579.1792936666673,-1140.1429940416663,17768.800810875004,8097.998176125001,-3054.508033999999,5046.517568875,-2141.4353075416666,-2847.6677186249995,1955.460397750001,-2625.421972708333,-6376.207908041666,474.60119337500015,28451.950389083333,8664.027381583333,210.439695666667,-2395.549735125,1897.3948991666668,832.2744090833336,0.0,-5689.876953916665
Y,7269.056247583332,4549.733959875001,23458.677764791664,13787.875130041664,2635.3689199166665,10736.394522791668,3548.4416463750003,2842.209235291666,7645.337351666665,3064.4549812083333,-686.330954125,6164.478147291667,34141.827343000004,14353.904335499998,5900.316649583335,3294.3272187916664,7587.271853083334,6522.151363,5689.876953916665,0.0
