,A,C,D,E,F,G,H,I,K,L,M,N,P,Q,R,S,T,V,W,Y
A,0.0,2653.453171375,5367.470901875001,3186.613114041667,988.5748609583333,5725.006873041667,2742.800359666667,2927.3615490416664,1011.3804823749997,-78.9704289166665,-312.5205948333334,1873.8980096666664,7472.431243958334,451.20318449999985,846.2373453333333,461.8689145416665,-687.0264024166669,-270.56875695833327,-1163.50339175,-100.20761250000011
C,-2653.453171375,0.0,2714.0177304999997,533.1599426666666,-1664.8783104166669,3071.553701666666,89.3471882916668,273.90837766666647,-1642.0726889999999,-2732.4236002916664,-2965.9737662083335,-779.5551617083335,4818.9780725833325,-2202.2499868749996,-1807.2158260416666,-2191.5842568333337,-3340.4795737916666,-2924.021928333333,-3816.9565631249993,-2753.660783875
D,-5367.470901875001,-2714.0177304999997,0.0,-2180.857787833334,-4378.8960409166675,357.53597116666623,-2624.6705422083337,-2440.1093528333345,-4356.090419499999,-5446.4413307916675,-5679.991496708331,-3493.5728922083345,2104.9603420833323,-4916.267717375001,-4521.233556541666,-4905.601987333334,-6054.497304291668,-5638.039658833332,-6530.974293625003,-5467.678514374999
E,-3186.613114041667,-533.1599426666666,2180.857787833334,0.0,-2198.0382530833335,2538.393758999999,-443.8127543749997,-259.25156499999986,-2175.2326316666667,-3265.5835429583335,-3499.133708875,-1312.7151043750002,4285.818129916667,-2735.4099295416668,-2340.3757687083335,-2724.7441995000004,-3873.6395164583337,-3457.1818709999993,-4350.116505791667,-3286.820726541667
F,-988.5748609583333,1664.8783104166669,4378.8960409166675,2198.0382530833335,0.0,4736.432012083334,1754.2254987083336,1938.7866880833335,22.805621416666572,-1067.5452898749998,-1301.0954557916668,885.3231487083335,6483.856382999999,-537.3716764583334,-142.33751562499995,-526.7059464166665,-1675.601263375,-1259.1436179166667,-2152.0782527083334,-1088.7824734583332
G,-5725.006873041667,-3071.553701666666,-357.53597116666623,-2538.393758999999,-4736.432012083334,0.0,-2982.2065133749998,-2797.6453239999996,-4713.626390666667,-5803.977301958334,-6037.527467874999,-3851.108863375,1747.424370916667,-5273.803688541668,-4878.769527708333,-5263.1379584999995,-6412.033275458333,-5995.57563,-6888.510264791668,-5825.214485541666
H,-2742.800359666667,-89.3471882916668,2624.6705422083337,443.8127543749997,-1754.2254987083336,2982.2065133749998,0.0,184.56118937499983,-1731.4198772916664,-2821.7707885833333,-3055.3209544999995,-868.9023500000003,4729.630884291668,-2291.597175166666,-1896.563014333334,-2280.9314451250007,-3429.826762083334,-3013.3691166249996,-3906.3037514166667,-2843.0079721666666
I,-2927.3615490416664,-273.90837766666647,2440.1093528333345,259.25156499999986,-1938.7866880833335,2797.6453239999996,-184.56118937499983,0.0,-1915.981066666667,-3006.331977958333,-3239.882143875,-1053.4635393749998,4545.069694916666,-2476.158364541667,-2081.1242037083334,-2465.4926345000003,-3614.387951458333,-3197.930306,-4090.864940791666,-3027.5691615416667
K,-1011.3804823749997,1642.0726889999999,4356.090419499999,2175.2326316666667,-22.805621416666572,4713.626390666667,1731.4198772916664,1915.981066666667,0.0,-1090.350911291667,-1323.9010772083332,862.5175272916666,6461.050761583333,-560.1772978750001,-165.14313704166656,-549.5115678333328,-1698.4068847916672,-1281.9492393333333,-2174.8838741250006,-1111.5880948750003
L,78.9704289166665,2732.4236002916664,5446.4413307916675,3265.5835429583335,1067.5452898749998,5803.977301958334,2821.7707885833333,3006.331977958333,1090.350911291667,0.0,-233.55016591666663,1952.868438583333,7551.401672874999,530.1736134166665,925.2077742499999,540.8393434583332,-608.0559734999999,-191.5983280416667,-1084.5329628333332,-21.23718358333345
M,312.5205948333334,2965.9737662083335,5679.991496708331,3499.133708875,1301.0954557916668,6037.527467874999,3055.3209544999995,3239.882143875,1323.9010772083332,233.55016591666663,0.0,2186.4186045,7784.951838791666,763.7237793333334,1158.7579401666665,774.3895093749999,-374.5058075833335,41.95183787500002,-850.9827969166666,212.31298233333337
N,-1873.8980096666664,779.5551617083335,3493.5728922083345,1312.7151043750002,-885.3231487083335,3851.108863375,868.9023500000003,1053.4635393749998,-862.5175272916666,-1952.868438583333,-2186.4186045,0.0,5598.533234291666,-1422.6948251666665,-1027.6606643333332,-1412.0290951250008,-2560.9244120833328,-2144.4667666249993,-3037.4014014166664,-1974.1056221666668
P,-7472.431243958334,-4818.9780725833325,-2104.9603420833323,-4285.818129916667,-6483.856382999999,-1747.424370916667,-4729.630884291668,-4545.069694916666,-6461.050761583333,-7551.401672874999,-7784.951838791666,-5598.533234291666,0.0,-7021.228059458334,-6626.193898625,-7010.562329416665,-8159.457646375001,-7743.000000916666,-8635.934635708332,-7572.638856458335
Q,-451.20318449999985,2202.2499868749996,4916.267717375001,2735.4099295416668,537.3716764583334,5273.803688541668,2291.597175166666,2476.158364541667,560.1772978750001,-530.1736134166665,-763.7237793333334,1422.6948251666665,7021.228059458334,0.0,395.0341608333336,10.665730041666697,-1138.2295869166667,-721.7719414583335,-1614.7065762500004,-551.410797
R,-846.2373453333333,1807.2158260416666,4521.233556541666,2340.3757687083335,142.33751562499995,4878.769527708333,1896.563014333334,2081.1242037083334,165.14313704166656,-925.2077742499999,-1158.7579401666665,1027.6606643333332,6626.193898625,-395.0341608333336,0.0,-384.36843079166675,-1533.2637477499993,-1116.8061022916668,-2009.7407370833337,-946.4449578333333
S,-461.8689145416665,2191.5842568333337,4905.601987333334,2724.7441995000004,526.7059464166665,5263.1379584999995,2280.9314451250007,2465.4926345000003,549.5115678333328,-540.8393434583332,-774.3895093749999,1412.0290951250008,7010.562329416665,-10.665730041666697,384.36843079166675,0.0,-1148.895316958333,-732.4376715,-1625.3723062916663,-562.0765270416665
T,687.0264024166669,3340.4795737916666,6054.497304291668,3873.6395164583337,1675.601263375,6412.033275458333,3429.826762083334,3614.387951458333,1698.4068847916672,608.0559734999999,374.5058075833335,2560.9244120833328,8159.457646375001,1138.2295869166667,1533.2637477499993,1148.895316958333,0.0,416.45764545833345,-476.47698933333305,586.8187899166668
V,270.56875695833327,2924.021928333333,5638.039658833332,3457.1818709999993,1259.1436179166667,5995.57563,3013.3691166249996,3197.930306,1281.9492393333333,191.5983280416667,-41.95183787500002,2144.4667666249993,7743.000000916666,721.7719414583335,1116.8061022916668,732.4376715,-416.45764545833345,0.0,-892.934634791667,170.36114445833334
W,1163.50339175,3816.9565631249993,6530.974293625003,4350.116505791667,2152.0782527083334,6888.510264791668,3906.3037514166667,4090.864940791666,2174.8838741250006,1084.5329628333332,850.9827969166666,3037.4014014166664,8635.934635708332,1614.7065762500004,2009.7407370833337,1625.3723062916663,476.47698933333305,892.934634791667,0.0,1063.2957792500004
Y,100.20761250000011,2753.660783875,5467.678514374999,3286.820726541667,1088.7824734583332,5825.214485541666,2843.0079721666666,3027.5691615416667,1111.5880948750003,21.23718358333345,-212.31298233333337,1974.1056221666668,7572.638856458335,551.410797,946.4449578333333,562.0765270416665,-586.8187899166668,-170.36114445833334,-1063.2957792500004,0.0
