,A,C,D,E,F,G,H,I,K,L,M,N,P,Q,R,S,T,V,W,Y
A,0.0,1257.466223208334,7113.103229291668,5405.6524967916675,1389.3159436666667,709.5714027916669,213.79638108333316,2697.032976375,7986.245397250001,4620.08488475,775.8665003333334,1253.5307613333334,7558.213169208334,6932.747529208334,6720.229676958334,4262.241927250001,9170.525512125001,3448.9621151249994,4310.456194333333,4521.689508416668
C,-1257.466223208334,0.0,5855.637006083333,4148.186273583333,131.84972045833308,-547.8948204166668,-1043.669842125,1439.5667531666666,6728.779174041666,3362.618661541667,-481.59972287499994,-3.935461875000177,6300.746945999999,5675.281306,5462.763453750001,3004.775704041667,7913.0592889166655,2191.495891916666,3052.9899711249996,3264.2232852083325
D,-7113.103229291668,-5855.637006083333,0.0,-1707.4507324999995,-5723.787285625,-6403.5318265,-6899.306848208333,-4416.070252916667,873.1421679583335,-2493.0183445416665,-6337.2367289583335,-5859.572467958335,445.10993991666686,-180.3557000833332,-392.8735523333332,-2850.861302041667,2057.422282833333,-3664.141114166667,-2802.6470349583337,-2591.413720875
E,-5405.6524967916675,-4148.186273583333,1707.4507324999995,0.0,-4016.336553125,-4696.081094,-5191.856115708334,-2708.619520416667,2580.5929004583327,-785.567612041667,-4629.785996458333,-4152.121735458332,2152.560672416667,1527.095032416666,1314.5771801666667,-1143.4105695416667,3764.873015333333,-1956.6903816666666,-1095.1963024583335,-883.9629883750004
F,-1389.3159436666667,-131.84972045833308,5723.787285625,4016.336553125,0.0,-679.744540875,-1175.5195625833326,1307.7170327083334,6596.929453583333,3230.768941083333,-613.4494433333329,-135.7851823333332,6168.897225541667,5543.431585541665,5330.913733291667,2872.9259835833327,7781.209568458333,2059.6461714583334,2921.140250666666,3132.37356475
G,-709.5714027916669,547.8948204166668,6403.5318265,4696.081094,679.744540875,0.0,-495.77502170833327,1987.4615735833333,7276.673994458332,3910.513481958334,66.2950975416665,543.9593585416666,6848.6417664166665,6223.176126416667,6010.658274166667,3552.670524458333,8460.954109333332,2739.3907123333333,3600.8847915416663,3812.1181056250007
H,-213.79638108333316,1043.669842125,6899.306848208333,5191.856115708334,1175.5195625833326,495.77502170833327,0.0,2483.2365952916666,7772.449016166666,4406.288503666667,562.07011925,1039.7343802500002,7344.416788125,6718.951148124998,6506.433295874999,4048.445546166667,8956.729131041664,3235.1657340416664,4096.659813249999,4307.893127333333
I,-2697.032976375,-1439.5667531666666,4416.070252916667,2708.619520416667,-1307.7170327083334,-1987.4615735833333,-2483.2365952916666,0.0,5289.212420875,1923.0519083750005,-1921.1664760416663,-1443.5022150416662,4861.1801928333325,4235.714552833332,4023.1967005833335,1565.2089508749993,6473.492535750001,751.9291387499998,1613.4232179583332,1824.6565320416664
K,-7986.245397250001,-6728.779174041666,-873.1421679583335,-2580.5929004583327,-6596.929453583333,-7276.673994458332,-7772.449016166666,-5289.212420875,0.0,-3366.1605125,-7210.378896916666,-6732.714635916666,-428.0322280416662,-1053.4978680416668,-1266.0157202916669,-3724.003469999999,1184.2801148750002,-4537.283282125,-3675.7892029166665,-3464.555888833333
L,-4620.08488475,-3362.618661541667,2493.0183445416665,785.567612041667,-3230.768941083333,-3910.513481958334,-4406.288503666667,-1923.0519083750005,3366.1605125,0.0,-3844.218384416666,-3366.5541234166667,2938.128284458333,2312.662644458333,2100.1447922083335,-357.8429575000002,4550.440627375,-1171.122769624999,-309.6286904166672,-98.3953763333336
M,-775.8665003333334,481.59972287499994,6337.2367289583335,4629.785996458333,613.4494433333329,-66.2950975416665,-562.07011925,1921.1664760416663,7210.378896916666,3844.218384416666,0.0,477.6642609999999,6782.346668875,6156.881028875002,5944.363176625,3486.375426916666,8394.659011791668,2673.0956147916672,3534.589694,3745.823008083334
N,-1253.5307613333334,3.935461875000177,5859.572467958335,4152.121735458332,135.7851823333332,-543.9593585416666,-1039.7343802500002,1443.5022150416662,6732.714635916666,3366.5541234166667,-477.6642609999999,0.0,6304.682407875,5679.216767875,5466.698915624999,3008.7111659166662,7916.994750791666,2195.4313537916664,3056.9254330000003,3268.1587470833333
P,-7558.213169208334,-6300.746945999999,-445.10993991666686,-2152.560672416667,-6168.897225541667,-6848.6417664166665,-7344.416788125,-4861.1801928333325,428.0322280416662,-2938.128284458333,-6782.346668875,-6304.682407875,0.0,-625.4656400000008,-837.9834922499995,-3295.971241958334,1612.3123429166662,-4109.251054083335,-3247.7569748749997,-3036.5236607916663
Q,-6932.747529208334,-5675.281306,180.3557000833332,-1527.095032416666,-5543.431585541665,-6223.176126416667,-6718.951148124998,-4235.714552833332,1053.4978680416668,-2312.662644458333,-6156.881028875002,-5679.216767875,625.4656400000008,0.0,-212.51785224999944,-2670.505601958333,2237.7779829166666,-3483.785414083332,-2622.2913348750003,-2411.058020791666
R,-6720.229676958334,-5462.763453750001,392.8735523333332,-1314.5771801666667,-5330.913733291667,-6010.658274166667,-6506.433295874999,-4023.1967005833335,1266.0157202916669,-2100.1447922083335,-5944.363176625,-5466.698915624999,837.9834922499995,212.51785224999944,0.0,-2457.987749708334,2450.2958351666666,-3271.2675618333337,-2409.7734826250007,-2198.540168541667
S,-4262.241927250001,-3004.775704041667,2850.861302041667,1143.4105695416667,-2872.9259835833327,-3552.670524458333,-4048.445546166667,-1565.2089508749993,3724.003469999999,357.8429575000002,-3486.375426916666,-3008.7111659166662,3295.971241958334,2670.505601958333,2457.987749708334,0.0,4908.283584875,-813.2798121249988,48.21426708333289,259.4475811666676
T,-9170.525512125001,-7913.0592889166655,-2057.422282833333,-3764.873015333333,-7781.209568458333,-8460.954109333332,-8956.729131041664,-6473.492535750001,-1184.2801148750002,-4550.440627375,-8394.659011791668,-7916.994750791666,-1612.3123429166662,-2237.7779829166666,-2450.2958351666666,-4908.283584875,0.0,-5721.563397000001,-4860.069317791667,-4648.836003708333
V,-3448.9621151249994,-2191.495891916666,3664.141114166667,1956.6903816666666,-2059.6461714583334,-2739.3907123333333,-3235.1657340416664,-751.9291387499998,4537.283282125,1171.122769624999,-2673.0956147916672,-2195.4313537916664,4109.251054083335,3483.785414083332,3271.2675618333337,813.2798121249988,5721.563397000001,0.0,861.494079208333,1072.727393291667
W,-4310.456194333333,-3052.9899711249996,2802.6470349583337,1095.1963024583335,-2921.140250666666,-3600.8847915416663,-4096.659813249999,-1613.4232179583332,3675.7892029166665,309.6286904166672,-3534.589694,-3056.9254330000003,3247.7569748749997,2622.2913348750003,2409.7734826250007,-48.21426708333289,4860.069317791667,-861.494079208333,0.0,211.23331408333343
Y,-4521.689508416668,-3264.2232852083325,2591.413720875,883.9629883750004,-3132.37356475,-3812.1181056250007,-4307.893127333333,-1824.6565320416664,3464.555888833333,98.3953763333336,-3745.823008083334,-3268.1587470833333,3036.5236607916663,2411.058020791666,2198.540168541667,-259.4475811666676,4648.836003708333,-1072.727393291667,-211.23331408333343,0.0
