,A,C,D,E,F,G,H,I,K,L,M,N,P,Q,R,S,T,V,W,Y
A,0.0,9278.312515750002,25413.18926545834,10918.438299708332,-8840.996527500001,11861.850176625,19799.816605000004,-8484.426261083334,20743.28771491667,-6809.26818075,-6170.329617166667,25414.235945375,22920.393166166672,25975.556409166675,22386.121144,23011.016241666668,17588.977396333332,-4373.613641125,13858.032520208333,7861.184897791667
C,-9278.312515750002,0.0,16134.876749708332,1640.1257839583334,-18119.309043250003,2583.5376608750016,10521.504089250002,-17762.738776833332,11464.975199166665,-16087.5806965,-15448.642132916664,16135.923429625005,13642.080650416669,16697.243893416668,13107.80862825,13732.703725916668,8310.664880583332,-13651.926156875,4579.720004458334,-1417.127617958334
D,-25413.18926545834,-16134.876749708332,0.0,-14494.75096575,-34254.18579295833,-13551.33908883333,-5613.372660458335,-33897.615526541675,-4669.901550541666,-32222.45744620833,-31583.518882624998,1.0466799166664107,-2492.796099291667,562.3671437083323,-3027.068121458334,-2402.173023791666,-7824.2118691250025,-29786.802906583336,-11555.156745250002,-17552.004367666672
E,-10918.438299708332,-1640.1257839583334,14494.75096575,0.0,-19759.434827208333,943.4118769166668,8881.378305291668,-19402.864560791662,9824.849415208335,-17727.70648045834,-17088.767916875,14495.797645666664,12001.954866458334,15057.118109458335,11467.682844291669,12092.577941958334,6670.539096625001,-15292.051940833333,2939.5942204999997,-3057.253401916667
F,8840.996527500001,18119.309043250003,34254.18579295833,19759.434827208333,0.0,20702.846704124997,28640.813132499996,356.5702664166665,29584.28424241667,2031.72834675,2670.6669103333334,34255.23247287501,31761.38969366667,34816.552936666674,31227.1176715,31852.01276916666,26429.97392383333,4467.3828863749995,22699.029047708333,16702.181425291663
G,-11861.850176625,-2583.5376608750016,13551.33908883333,-943.4118769166668,-20702.846704124997,0.0,7937.966428374999,-20346.27643770833,8881.437538291668,-18671.118357375006,-18032.179793791667,13552.385768750004,11058.542989541667,14113.706232541663,10524.270967375,11149.166065041665,5727.1272197083335,-16235.463817749996,1996.1823435833332,-4000.6652788333336
H,-19799.816605000004,-10521.504089250002,5613.372660458335,-8881.378305291668,-28640.813132499996,-7937.966428374999,0.0,-28284.24286608334,943.4711099166665,-26609.08478575,-25970.14622216667,5614.4193403750005,3120.576561166667,6175.739804166667,2586.304539,3211.1996366666667,-2210.8392086666668,-24173.430246125004,-5941.78408479167,-11938.631707208338
I,8484.426261083334,17762.738776833332,33897.615526541675,19402.864560791662,-356.5702664166665,20346.27643770833,28284.24286608334,0.0,29227.713975999995,1675.1580803333338,2314.0966439166673,33898.66220645834,31404.819427250008,34459.98267025,30870.547405083333,31495.44250275001,26073.403657416668,4110.812619958332,22342.45878129166,16345.611158875001
K,-20743.28771491667,-11464.975199166665,4669.901550541666,-9824.849415208335,-29584.28424241667,-8881.437538291668,-943.4711099166665,-29227.713975999995,0.0,-27552.555895666665,-26913.617332083333,4670.9482304583335,2177.10545125,5232.2686942499995,1642.833429083333,2267.7285267499997,-3154.310318583334,-25116.901356041675,-6885.255194708333,-12882.102817124998
L,6809.26818075,16087.5806965,32222.45744620833,17727.70648045834,-2031.72834675,18671.118357375006,26609.08478575,-1675.1580803333338,27552.555895666665,0.0,638.9385635833332,32223.504126125004,29729.661346916662,32784.82458991667,29195.38932475,29820.284422416662,24398.245577083333,2435.654539625,20667.300700958334,14670.453078541666
M,6170.329617166667,15448.642132916664,31583.518882624998,17088.767916875,-2670.6669103333334,18032.179793791667,25970.14622216667,-2314.0966439166673,26913.617332083333,-638.9385635833332,0.0,31584.565562541666,29090.72278333333,32145.886026333334,28556.450761166667,29181.345858833334,23759.3070135,1796.7159760416664,20028.362137375003,14031.514514958333
N,-25414.235945375,-16135.923429625005,-1.0466799166664107,-14495.797645666664,-34255.23247287501,-13552.385768750004,-5614.4193403750005,-33898.66220645834,-4670.9482304583335,-32223.504126125004,-31584.565562541666,0.0,-2493.8427792083335,561.320463791667,-3028.1148013750003,-2403.219703708333,-7825.258549041667,-29787.849586500004,-11556.203425166668,-17553.05104758334
P,-22920.393166166672,-13642.080650416669,2492.796099291667,-12001.954866458334,-31761.38969366667,-11058.542989541667,-3120.576561166667,-31404.819427250008,-2177.10545125,-29729.661346916662,-29090.72278333333,2493.8427792083335,0.0,3055.1632430000004,-534.2720221666663,90.62307549999969,-5331.415769833334,-27294.006807291673,-9062.360645958333,-15059.208268374996
Q,-25975.556409166675,-16697.243893416668,-562.3671437083323,-15057.118109458335,-34816.552936666674,-14113.706232541663,-6175.739804166667,-34459.98267025,-5232.2686942499995,-32784.82458991667,-32145.886026333334,-561.320463791667,-3055.1632430000004,0.0,-3589.435265166667,-2964.5401674999994,-8386.579012833332,-30349.170050291665,-12117.523888958336,-18114.371511374997
R,-22386.121144,-13107.80862825,3027.068121458334,-11467.682844291669,-31227.1176715,-10524.270967375,-2586.304539,-30870.547405083333,-1642.833429083333,-29195.38932475,-28556.450761166667,3028.1148013750003,534.2720221666663,3589.435265166667,0.0,624.8950976666669,-4797.143747666665,-26759.734785125005,-8528.088623791664,-14524.93624620833
S,-23011.016241666668,-13732.703725916668,2402.173023791666,-12092.577941958334,-31852.01276916666,-11149.166065041665,-3211.1996366666667,-31495.44250275001,-2267.7285267499997,-29820.284422416662,-29181.345858833334,2403.219703708333,-90.62307549999969,2964.5401674999994,-624.8950976666669,0.0,-5422.038845333333,-27384.62988279166,-9152.983721458333,-15149.831343875
T,-17588.977396333332,-8310.664880583332,7824.2118691250025,-6670.539096625001,-26429.97392383333,-5727.1272197083335,2210.8392086666668,-26073.403657416668,3154.310318583334,-24398.245577083333,-23759.3070135,7825.258549041667,5331.415769833334,8386.579012833332,4797.143747666665,5422.038845333333,0.0,-21962.591037458333,-3730.944876125001,-9727.792498541667
V,4373.613641125,13651.926156875,29786.802906583336,15292.051940833333,-4467.3828863749995,16235.463817749996,24173.430246125004,-4110.812619958332,25116.901356041675,-2435.654539625,-1796.7159760416664,29787.849586500004,27294.006807291673,30349.170050291665,26759.734785125005,27384.62988279166,21962.591037458333,0.0,18231.646161333334,12234.798538916666
W,-13858.032520208333,-4579.720004458334,11555.156745250002,-2939.5942204999997,-22699.029047708333,-1996.1823435833332,5941.78408479167,-22342.45878129166,6885.255194708333,-20667.300700958334,-20028.362137375003,11556.203425166668,9062.360645958333,12117.523888958336,8528.088623791664,9152.983721458333,3730.944876125001,-18231.646161333334,0.0,-5996.847622416666
Y,-7861.184897791667,1417.127617958334,17552.004367666672,3057.253401916667,-16702.181425291663,4000.6652788333336,11938.631707208338,-16345.611158875001,12882.102817124998,-14670.453078541666,-14031.514514958333,17553.05104758334,15059.208268374996,18114.371511374997,14524.93624620833,15149.831343875,9727.792498541667,-12234.798538916666,5996.847622416666,0.0
